S0003	11	devida	ADJ	FEATS	Gender=Fem|Number=Sing	Gender=Fem|Number=Sing|VerbForm=Part
S0013	21	Crea-SP	PROPN	LEMMA	CREA-SP	Crea-SP
S0019	16	pesadas	ADJ	FEATS	Gender=Fem|Number=Plur	Gender=Fem|Number=Plur|VerbForm=Part
S0027	7	AsBEA	PROPN	LEMMA	ASBEA	AsBEA
S0033	13	concluiu	VERB	LEMMA	concluar	concluir

==========================================================

Pchanged - fixed: 0
Lchanged - fixed: 3
Fchanged - fixed: 2
