S0001	11	bomba-relógio	NOUN	LEMMA	bomba-rElógio	bomba-relógio
S0013	14	engrandeceu	VERB	LEMMA	engrandecar	engrandecer
S0023	31	vozes	NOUN	LEMMA	voze	voz

==========================================================

Pchanged - fixed: 0
Lchanged - fixed: 3
Fchanged - fixed: 0
