S0007	9	conhecidas	VERB	LEMMA	conhecido	conhecer
S0037	12	pago	VERB	LEMMA	par	pagar

==========================================================

Pchanged - fixed: 0
Lchanged - fixed: 2
Fchanged - fixed: 0
