S0013	35	provenham	VERB	LEMMA	prr	provir

==========================================================

Pchanged - fixed: 0
Lchanged - fixed: 1
Fchanged - fixed: 0
